wage educ exper tenure nonwhite female married numdep smsa northcen south west construc ndurman trcommpu trade services profserv profocc clerocc servocc lwage expersq tenursq
3.1 11 2 0 0 1 0 2 1 0 0 1 0 0 0 0 0 0 0 0 0 1.13 4 0
3.24 12 22 2 0 1 1 3 1 0 0 1 0 0 0 0 1 0 0 0 1 1.18 484 4
3 11 2 0 0 0 0 2 0 0 0 1 0 0 0 1 0 0 0 0 0 1.1 4 0
6 8 44 28 0 0 1 0 1 0 0 1 0 0 0 0 0 0 0 1 0 1.79 1936 784
5.3 12 7 2 0 0 1 1 0 0 0 1 0 0 0 0 0 0 0 0 0 1.67 49 4
8.75 16 9 8 0 0 1 0 1 0 0 1 0 0 0 0 0 1 1 0 0 2.17 81 64
11.25 18 15 7 0 0 0 0 1 0 0 1 0 0 0 1 0 0 1 0 0 2.42 225 49
5 12 5 3 0 1 0 0 1 0 0 1 0 0 0 0 0 0 1 0 0 1.61 25 9
3.6 12 26 4 0 1 0 2 1 0 0 1 0 0 0 1 0 0 1 0 0 1.28 676 16
18.18 17 22 21 0 0 1 0 1 0 0 1 0 0 0 0 0 0 1 0 0 2.9 484 441
6.25 16 8 2 0 1 0 0 1 0 0 1 0 0 0 1 0 0 1 0 0 1.83 64 4
8.13 13 3 0 0 1 0 0 1 0 0 1 0 0 0 0 0 1 0 1 0 2.1 9 0
8.77 12 15 0 0 0 1 2 1 0 0 1 0 0 0 0 0 0 0 0 0 2.17 225 0
5.5 12 18 3 0 0 0 0 1 0 0 1 0 0 0 0 0 0 0 0 0 1.7 324 9
22.2 12 31 15 0 0 1 1 1 0 0 1 0 0 0 0 0 0 1 0 0 3.1 961 225
17.33 16 14 0 0 0 1 1 1 0 0 1 0 0 0 0 0 1 1 0 0 2.85 196 0
7.5 12 10 0 0 1 1 0 1 0 0 1 0 0 0 0 0 0 0 1 0 2.01 100 0
10.63 13 16 10 0 1 0 0 1 0 0 1 0 0 0 0 0 1 1 0 0 2.36 256 100
3.6 12 13 0 0 1 1 3 1 0 0 1 0 0 0 0 0 0 0 0 0 1.28 169 0
4.5 12 36 6 0 1 1 0 1 0 0 1 0 0 0 0 0 1 0 0 1 1.5 1296 36
6.88 12 11 4 0 1 0 0 1 0 0 1 0 0 0 0 0 1 1 0 0 1.93 121 16
8.48 12 29 13 0 0 1 3 1 0 0 1 0 0 0 0 0 0 0 0 0 2.14 841 169
6.33 16 9 9 0 1 0 0 1 0 0 1 0 0 0 0 0 0 1 0 0 1.85 81 81
0.53 12 3 1 0 1 0 0 1 0 0 1 0 0 0 0 1 0 0 0 1 -0.63 9 1
6 11 37 8 1 1 0 0 1 0 0 1 0 0 0 0 1 0 0 0 0 1.79 1369 64
9.56 16 3 3 1 0 1 1 1 0 0 1 0 1 0 0 0 0 1 0 0 2.26 9 9
7.78 16 11 10 0 0 1 1 1 0 0 1 0 0 1 0 0 0 0 0 0 2.05 121 100
12.5 16 31 0 0 0 1 0 1 0 0 1 0 0 0 0 0 0 1 0 0 2.53 961 0
12.5 15 30 0 0 0 1 2 1 0 0 1 0 0 0 0 0 0 1 0 0 2.53 900 0
3.25 8 9 1 0 1 1 2 1 0 0 1 0 0 0 0 0 0 0 0 0 1.18 81 1
13 14 23 5 0 0 1 2 1 0 0 1 0 0 0 0 0 1 1 0 0 2.56 529 25
4.5 14 2 5 0 1 0 2 1 0 0 1 0 0 0 1 0 0 0 0 0 1.5 4 25
9.68 13 16 16 0 1 0 0 1 0 0 1 0 0 0 0 0 0 1 0 0 2.27 256 256
5 12 7 3 0 1 0 0 1 0 0 1 0 0 0 0 0 0 0 1 0 1.61 49 9
4.68 12 3 0 0 1 0 0 1 0 0 1 0 0 0 0 1 0 0 1 0 1.54 9 0
4.27 16 22 4 1 1 1 1 1 0 0 1 0 0 0 1 0 0 1 0 0 1.45 484 16
6.15 12 15 6 1 1 1 1 1 0 0 1 0 0 0 0 1 0 0 0 1 1.82 225 36
3.51 4 39 15 0 0 1 5 1 0 0 1 0 0 0 1 0 0 0 0 0 1.26 1521 225
3 14 3 3 0 1 1 0 1 0 0 1 0 0 0 0 0 1 0 1 0 1.1 9 9
6.25 12 11 0 0 1 0 0 1 0 0 1 0 0 0 0 0 1 0 1 0 1.83 121 0
7.81 12 3 0 0 1 1 0 1 0 0 1 0 0 0 0 1 0 0 0 1 2.06 9 0
10 12 20 5 1 1 1 4 1 0 0 1 0 0 0 0 0 1 0 1 0 2.3 400 25
4.5 14 16 0 0 1 1 1 1 0 0 1 0 0 0 0 0 1 0 1 0 1.5 256 0
4 11 45 12 0 1 1 0 1 0 0 1 0 0 0 0 0 1 0 0 1 1.39 2025 144
6.38 13 11 4 0 1 0 0 1 0 0 1 0 0 0 0 0 0 0 0 0 1.85 121 16
13.7 15 20 13 0 0 1 2 1 0 0 1 0 0 0 0 0 1 1 0 0 2.62 400 169
1.67 10 1 0 0 0 0 1 1 0 0 1 0 0 0 0 1 0 0 0 0 0.51 1 0
2.93 12 36 2 0 1 1 1 1 0 0 1 0 0 0 1 0 0 1 0 0 1.08 1296 4
3.65 14 9 2 0 0 0 0 1 0 0 1 0 0 0 1 0 0 1 0 0 1.29 81 4
2.9 12 15 1 0 1 1 2 1 0 0 1 0 0 0 0 1 0 0 0 1 1.06 225 1
1.63 12 18 0 0 1 0 2 0 0 0 0 0 0 0 0 1 0 0 0 1 0.49 324 0
8.6 16 3 2 0 1 0 0 1 0 0 0 0 0 0 0 0 1 1 0 0 2.15 9 4
5 12 15 5 0 0 1 1 1 0 0 0 0 0 0 1 0 0 0 1 0 1.61 225 25
6 12 7 7 0 0 1 0 1 0 0 0 0 0 0 0 0 0 0 0 0 1.79 49 49
2.5 12 2 0 0 0 0 2 0 0 0 0 0 0 0 0 0 0 0 0 0 0.92 4 0
3.25 15 3 0 0 0 0 1 0 0 0 0 0 0 0 1 0 0 0 0 1 1.18 9 0
3.4 16 1 1 0 1 0 1 0 0 0 0 0 0 0 1 0 0 0 0 1 1.22 1 1
10 8 13 0 1 0 0 0 1 0 0 0 0 0 0 1 0 0 0 0 0 2.3 169 0
21.63 18 8 8 0 1 0 0 1 0 0 0 0 0 0 0 0 1 1 0 0 3.07 64 64
4.38 16 7 0 0 0 0 0 1 0 0 0 0 0 0 1 0 0 0 0 1 1.48 49 0
11.71 13 40 20 0 1 0 0 1 0 0 0 0 1 0 0 0 0 1 0 0 2.46 1600 400
12.39 14 42 5 0 0 0 0 1 0 0 0 0 0 0 0 0 1 1 0 0 2.52 1764 25
6.25 10 36 8 0 0 0 0 1 0 0 0 0 0 0 1 0 0 0 0 1 1.83 1296 64
3.71 10 13 0 1 1 0 4 1 0 0 0 0 0 0 0 0 1 0 1 0 1.31 169 0
7.78 14 9 3 0 0 0 0 1 0 0 0 0 0 0 0 0 1 1 0 0 2.05 81 9
19.98 14 26 23 0 0 1 2 1 0 0 0 0 0 0 0 0 0 1 0 0 2.99 676 529
6.25 16 7 4 1 1 1 3 1 0 0 0 0 0 0 0 0 1 1 0 0 1.83 49 16
10 12 25 3 0 0 1 3 1 0 0 0 0 0 0 0 0 1 1 0 0 2.3 625 9
5.71 16 10 5 0 0 1 1 1 0 0 0 0 0 0 0 0 1 1 0 0 1.74 100 25
2 12 3 2 0 1 0 4 1 0 0 0 0 0 0 0 1 0 0 0 0 0.69 9 4
5.71 16 3 0 0 1 0 0 1 0 0 0 0 0 0 1 0 0 0 1 0 1.74 9 0
13.08 17 17 2 1 0 1 3 1 0 0 0 0 0 0 0 0 1 1 0 0 2.57 289 4
4.91 12 17 8 0 0 1 2 1 0 0 0 0 0 0 0 0 0 0 0 0 1.59 289 64
2.91 12 20 34 0 1 1 2 1 0 0 0 0 0 0 0 1 0 0 1 0 1.07 400 1156
3.75 12 7 0 0 1 1 0 1 0 0 0 1 0 0 0 0 0 0 1 0 1.32 49 0
11.9 13 24 19 0 0 1 2 1 0 0 0 0 0 0 0 0 1 1 0 0 2.48 576 361
4 12 28 0 0 1 1 1 1 0 0 0 0 0 0 0 0 1 0 1 0 1.39 784 0
3.1 12 2 1 0 1 0 1 1 0 0 0 0 0 0 1 0 0 0 1 0 1.13 4 1
8.45 12 19 13 0 0 1 4 1 0 0 0 0 0 0 0 0 0 0 0 0 2.13 361 169
7.14 18 13 0 0 0 1 2 1 0 0 0 0 0 0 0 0 1 1 0 0 1.97 169 0
4.5 9 22 5 0 0 1 4 1 0 0 0 0 0 0 0 0 0 0 0 0 1.5 484 25
4.65 16 3 1 0 0 0 0 1 0 0 0 0 1 0 0 0 0 0 0 0 1.54 9 1
2.9 10 4 0 0 1 0 1 1 0 0 0 0 0 0 0 0 1 0 0 1 1.06 16 0
6.67 12 7 5 0 0 0 0 1 0 0 0 0 0 0 0 0 0 1 0 0 1.9 49 25
3.5 12 6 2 1 1 0 1 1 0 0 0 0 0 0 0 0 1 0 0 1 1.25 36 4
3.26 12 13 3 0 1 1 1 1 0 0 0 0 0 0 1 0 0 1 0 0 1.18 169 9
3.25 12 14 0 0 1 1 1 1 0 0 0 0 0 0 0 0 1 0 1 0 1.18 196 0
8 12 14 4 0 1 0 1 1 0 0 0 0 0 0 0 0 1 1 0 0 2.08 196 16
9.85 8 40 24 1 0 1 2 1 0 0 0 0 0 0 0 0 0 0 0 0 2.29 1600 576
7.5 12 11 7 0 0 1 1 1 0 0 0 0 0 0 0 0 0 0 0 0 2.01 121 49
5.91 12 14 6 0 0 1 2 0 0 0 0 0 0 1 0 0 0 0 0 0 1.78 196 36
11.76 14 40 39 0 0 1 0 1 0 0 0 0 0 1 0 0 0 1 0 0 2.46 1600 1521
3 12 1 0 0 1 0 2 1 0 0 0 0 0 0 1 0 0 1 0 0 1.1 1 0
4.81 12 2 0 0 1 0 0 1 0 0 0 0 0 0 0 0 1 0 0 1 1.57 4 0
6.5 12 4 1 0 1 0 0 1 0 0 0 0 0 0 0 0 1 1 0 0 1.87 16 1
4 9 19 1 0 1 1 1 1 0 0 0 0 0 0 0 1 0 0 0 1 1.39 361 1
3.5 13 1 0 0 0 0 1 1 0 0 0 0 1 0 0 0 0 1 0 0 1.25 1 0
13.16 12 34 22 0 0 1 0 1 0 0 0 0 0 0 1 0 0 1 0 0 2.58 1156 484
4.25 14 5 2 0 0 1 2 1 0 0 0 0 0 0 1 0 0 0 0 0 1.45 25 4
3.5 12 3 0 0 0 0 0 1 0 0 0 0 0 0 1 0 0 0 0 1 1.25 9 0
5.13 15 6 6 0 1 0 0 1 0 0 0 0 1 0 0 0 0 1 0 0 1.64 36 36
3.75 12 14 0 0 1 1 3 1 0 0 0 0 0 0 0 1 0 0 0 1 1.32 196 0
4.5 12 35 12 0 1 1 0 1 0 0 0 0 0 0 0 0 1 0 1 0 1.5 1225 144
7.63 12 8 4 0 1 0 0 1 0 0 0 0 0 1 0 0 0 0 1 0 2.03 64 16
15 14 7 7 1 0 1 1 1 0 0 0 0 0 0 0 0 0 0 0 0 2.71 49 49
6.85 15 11 3 0 1 1 2 1 0 0 0 0 0 0 0 0 1 1 0 0 1.92 121 9
13.33 12 14 11 0 0 1 2 1 0 0 0 0 0 0 1 0 0 1 0 0 2.59 196 121
6.67 12 35 10 0 0 0 0 1 0 0 0 0 0 0 0 0 0 0 0 0 1.9 1225 100
2.53 12 46 0 0 1 0 0 1 0 0 0 0 0 0 1 0 0 1 0 0 0.93 2116 0
9.8 17 7 0 0 0 1 0 1 0 0 0 0 0 0 0 1 0 1 0 0 2.28 49 0
3.37 11 45 12 0 0 1 0 1 0 0 0 0 0 0 1 0 0 1 0 0 1.21 2025 144
24.98 18 29 25 0 0 1 0 1 0 0 0 0 0 0 0 0 0 1 0 0 3.22 841 625
5.4 12 6 3 0 0 1 0 1 0 0 0 0 0 0 0 1 0 0 0 0 1.69 36 9
6.11 14 15 0 0 0 1 2 1 0 0 0 0 0 0 1 0 0 1 0 0 1.81 225 0
4.2 14 33 16 0 1 1 0 1 0 0 0 0 0 0 0 0 1 1 0 0 1.44 1089 256
3.75 10 15 0 0 0 0 0 1 0 0 0 0 0 0 1 0 0 0 0 0 1.32 225 0
3.5 14 5 0 0 1 1 0 0 0 1 0 0 0 0 0 0 1 0 1 0 1.25 25 0
3.64 12 7 2 0 0 0 0 1 0 1 0 0 0 0 0 0 1 0 0 1 1.29 49 4
3.8 15 6 1 0 0 1 1 1 0 1 0 0 0 0 1 0 0 0 0 0 1.34 36 1
3 8 33 12 0 1 1 3 0 0 1 0 0 1 0 0 0 0 0 0 0 1.1 1089 144
5 16 2 1 0 1 1 0 0 0 1 0 0 0 0 1 0 0 1 0 0 1.61 4 1
4.63 14 4 0 0 1 1 2 1 0 1 0 0 0 0 0 0 1 0 0 1 1.53 16 0
3 15 1 0 0 0 0 0 1 0 1 0 0 0 0 1 0 0 1 0 0 1.1 1 0
3.2 12 29 0 0 1 0 1 1 0 1 0 0 0 0 0 0 0 0 1 0 1.16 841 0
3.91 18 17 3 0 0 1 2 0 0 1 0 0 0 0 0 0 1 1 0 0 1.36 289 9
6.43 16 17 3 0 1 1 2 0 0 1 0 0 0 0 0 0 1 1 0 0 1.86 289 9
5.48 10 36 3 0 1 1 0 1 0 1 0 0 0 0 0 0 0 0 0 0 1.7 1296 9
1.5 8 31 30 0 0 0 0 0 0 1 0 0 0 0 1 0 0 0 0 0 0.41 961 900
2.9 10 23 2 0 1 0 2 0 0 1 0 0 0 0 0 0 1 0 0 1 1.06 529 4
5 11 13 1 0 0 1 0 0 0 1 0 0 0 0 1 0 0 0 0 0 1.61 169 1
8.92 18 3 3 0 0 1 0 1 0 1 0 0 0 0 1 0 0 1 0 0 2.19 9 9
5 15 15 0 0 0 0 0 1 0 1 0 0 0 0 1 0 0 1 0 0 1.61 225 0
3.52 12 48 1 0 0 1 0 0 0 1 0 0 0 0 0 0 1 0 0 0 1.26 2304 1
2.9 11 6 0 0 1 0 1 0 0 1 0 0 1 0 0 0 0 0 0 0 1.06 36 0
4.5 12 12 0 0 0 1 3 1 0 1 0 0 0 0 1 0 0 0 0 0 1.5 144 0
2.25 12 5 0 0 1 0 2 1 0 1 0 0 0 0 1 0 0 0 0 1 0.81 25 0
5 14 19 5 0 0 1 4 1 0 1 0 0 0 0 1 0 0 0 0 0 1.61 361 25
10 16 9 3 1 0 1 2 1 0 1 0 0 0 0 0 0 0 1 0 0 2.3 81 9
3.75 2 39 13 0 0 1 0 1 0 1 0 0 0 0 0 0 1 0 0 1 1.32 1521 169
10 14 28 11 0 1 1 0 1 0 1 0 0 1 0 0 0 0 1 0 0 2.3 784 121
10.95 16 23 20 0 0 1 4 1 0 1 0 0 1 0 0 0 0 1 0 0 2.39 529 400
7.9 12 2 0 0 0 0 0 1 0 1 0 1 0 0 0 0 0 0 0 0 2.07 4 0
4.72 12 15 1 0 1 0 0 1 0 1 0 0 0 0 0 0 0 0 0 0 1.55 225 1
5.84 13 5 0 0 1 1 1 1 0 1 0 0 0 0 0 0 1 0 1 0 1.76 25 0
3.83 12 18 2 0 1 0 3 1 0 1 0 0 0 0 0 0 0 0 1 0 1.34 324 4
3.2 15 2 2 0 1 0 2 1 0 1 0 0 0 1 0 0 0 0 0 0 1.16 4 4
2 10 3 0 1 1 0 5 1 0 1 0 0 0 0 1 0 0 0 0 1 0.69 9 0
4.5 12 31 4 0 1 1 3 1 0 1 0 0 0 0 0 0 1 0 1 0 1.5 961 16
11.55 16 20 5 0 1 1 3 1 0 1 0 1 0 0 0 0 0 0 1 0 2.45 400 25
2.14 13 34 15 1 1 1 0 1 0 1 0 0 0 0 0 1 0 0 0 0 0.76 1156 225
2.38 9 5 0 1 0 0 5 1 0 1 0 0 0 0 0 0 0 0 0 1 0.87 25 0
3.75 12 11 0 0 0 0 1 1 0 1 0 0 0 0 0 0 0 0 0 0 1.32 121 0
5.52 13 31 3 0 0 0 0 1 0 1 0 0 0 0 1 0 0 0 0 0 1.71 961 9
6.5 12 8 5 0 1 1 0 1 0 1 0 0 0 1 0 0 0 0 1 0 1.87 64 25
3.1 12 2 2 0 1 0 1 1 0 1 0 0 1 0 0 0 0 0 0 0 1.13 4 4
10 14 18 5 0 0 1 2 1 0 1 0 0 0 0 0 0 0 1 0 0 2.3 324 25
6.63 16 3 0 0 0 1 0 1 0 1 0 0 0 0 0 0 1 1 0 0 1.89 9 0
10 16 3 2 0 0 1 0 1 0 1 0 0 0 1 0 0 0 1 0 0 2.3 9 4
2.31 9 4 1 0 1 0 5 0 1 0 0 0 0 0 1 0 0 0 0 1 0.84 16 1
6.88 18 4 4 0 0 0 0 1 1 0 0 0 0 0 0 0 1 1 0 0 1.93 16 16
2.83 10 1 0 0 0 0 4 1 1 0 0 0 0 0 1 0 0 0 0 0 1.04 1 0
3.13 10 1 0 0 1 0 1 1 1 0 0 0 0 0 1 0 0 1 0 0 1.14 1 0
8 13 28 5 0 0 1 1 1 1 0 0 0 0 0 0 1 0 1 0 0 2.08 784 25
4.5 12 47 4 0 1 1 0 1 1 0 0 0 0 0 1 0 0 0 1 0 1.5 2209 16
8.65 18 13 1 0 1 0 0 1 1 0 0 0 1 0 0 0 0 1 0 0 2.16 169 1
2 13 2 6 0 1 0 0 1 1 0 0 0 0 0 0 1 0 0 0 1 0.69 4 36
4.75 12 48 2 0 1 1 0 1 1 0 0 0 0 0 0 0 1 0 0 1 1.56 2304 4
6.25 13 6 5 0 1 1 1 1 1 0 0 0 0 0 0 0 1 1 0 0 1.83 36 25
6 13 8 0 0 0 1 2 1 1 0 0 0 0 0 0 0 1 0 0 1 1.79 64 0
15.38 13 25 21 0 0 1 2 1 1 0 0 0 0 0 0 0 1 1 0 0 2.73 625 441
14.58 18 13 7 0 1 0 0 1 1 0 0 0 0 0 0 0 1 1 0 0 2.68 169 49
12.5 12 8 1 0 0 0 0 1 1 0 0 0 0 0 0 0 0 0 0 0 2.53 64 1
5.25 12 19 10 0 1 1 2 1 1 0 0 0 0 1 0 0 0 0 1 0 1.66 361 100
2.17 13 1 4 0 1 0 1 1 1 0 0 0 1 0 0 0 0 0 0 1 0.77 1 16
7.14 12 43 5 0 1 0 0 1 1 0 0 0 0 0 0 0 0 0 0 0 1.97 1849 25
6.22 12 19 9 0 1 1 1 1 1 0 0 0 0 0 0 0 1 0 1 0 1.83 361 81
9 12 11 5 0 1 1 0 1 1 0 0 0 0 0 0 0 1 1 0 0 2.2 121 25
10 14 43 4 0 0 1 0 1 1 0 0 0 0 0 0 0 1 1 0 0 2.3 1849 16
5.77 10 44 3 0 0 1 0 1 1 0 0 0 0 0 0 0 1 1 0 0 1.75 1936 9
4 12 22 11 0 1 1 2 1 1 0 0 0 1 0 0 0 0 0 0 0 1.39 484 121
8.75 16 3 2 0 0 1 1 1 1 0 0 0 1 0 0 0 0 1 0 0 2.17 9 4
6.53 16 3 2 0 1 0 0 1 1 0 0 0 0 0 0 0 1 1 0 0 1.88 9 4
7.6 12 41 11 0 1 0 0 1 1 0 0 0 0 0 0 0 1 1 0 0 2.03 1681 121
5 14 5 0 0 0 0 0 1 1 0 0 0 0 0 1 0 0 0 0 0 1.61 25 0
5 12 14 11 0 1 0 0 1 1 0 0 0 0 0 0 0 1 0 0 1 1.61 196 121
21.86 12 24 16 0 0 1 3 1 1 0 0 0 0 0 1 0 0 1 0 0 3.08 576 256
8.64 12 28 8 0 0 1 0 1 1 0 0 0 1 0 0 0 0 1 0 0 2.16 784 64
3.3 12 25 8 0 0 1 1 1 1 0 0 0 0 0 1 0 0 0 0 0 1.19 625 64
4.44 12 3 0 0 0 0 0 1 1 0 0 0 0 0 1 0 0 1 0 0 1.49 9 0
4.55 12 11 0 0 0 1 0 0 1 0 0 0 0 0 0 0 0 0 0 0 1.52 121 0
3.5 12 7 6 1 1 1 0 0 1 0 0 0 0 0 0 0 0 0 0 0 1.25 49 36
6.25 16 9 2 0 0 1 1 0 1 0 0 0 0 0 0 0 1 1 0 0 1.83 81 4
3.85 16 5 0 0 0 1 0 1 1 0 0 0 0 0 1 0 0 0 0 0 1.35 25 0
6.18 14 9 3 0 1 1 0 1 1 0 0 0 0 0 0 0 1 1 0 0 1.82 81 9
2.91 11 1 0 0 1 0 3 1 1 0 0 0 0 0 0 1 0 1 0 0 1.07 1 0
6.25 16 2 1 1 1 0 0 1 1 0 0 0 0 0 1 0 0 1 0 0 1.83 4 1
6.25 12 13 0 0 1 1 0 1 1 0 0 0 0 0 0 0 1 0 1 0 1.83 169 0
9.05 12 10 2 0 0 1 3 1 1 0 0 1 0 0 0 0 0 1 0 0 2.2 100 4
10 17 5 3 0 0 1 0 1 1 0 0 0 0 0 0 0 0 1 0 0 2.3 25 9
11.11 12 30 8 0 0 1 0 1 1 0 0 0 0 0 1 0 0 1 0 0 2.41 900 64
6.88 12 31 19 0 0 1 3 1 1 0 0 0 0 0 0 0 1 0 0 1 1.93 961 361
8.75 16 1 2 1 0 0 0 1 1 0 0 0 0 0 0 0 0 1 0 0 2.17 1 4
10 8 9 0 0 0 1 0 1 1 0 0 1 0 0 0 0 0 0 0 0 2.3 81 0
3.05 12 10 0 0 1 1 2 1 1 0 0 0 0 0 1 0 0 0 0 0 1.12 100 0
3 12 38 0 0 1 1 0 0 1 0 0 0 0 0 0 1 0 0 1 0 1.1 1444 0
5.8 12 19 6 0 1 1 2 0 1 0 0 0 1 0 0 0 0 0 0 0 1.76 361 36
4.1 16 5 0 0 1 1 0 1 1 0 0 0 0 0 0 0 1 1 0 0 1.41 25 0
8 12 26 2 0 0 1 1 1 1 0 0 0 0 0 0 0 0 0 0 0 2.08 676 4
6.15 12 35 12 0 1 0 0 1 1 0 0 0 0 0 1 0 0 0 0 0 1.82 1225 144
2.7 9 2 0 0 1 0 1 1 1 0 0 0 0 0 1 0 0 0 1 0 0.99 4 0
2.75 13 1 2 0 1 0 1 1 1 0 0 0 0 0 0 0 1 0 0 1 1.01 1 4
3 16 19 10 0 1 1 0 1 1 0 0 0 0 0 1 0 0 0 1 0 1.1 361 100
3 14 3 2 0 1 0 0 1 1 0 0 0 0 0 0 0 1 0 0 1 1.1 9 4
7.36 8 36 24 0 0 1 3 1 1 0 0 0 0 0 0 0 0 0 0 0 2 1296 576
7.5 14 29 24 0 0 1 1 1 1 0 0 0 0 0 0 0 0 1 0 0 2.01 841 576
3.5 13 1 2 0 0 0 3 1 1 0 0 0 0 0 1 0 0 0 0 0 1.25 1 4
8.1 12 38 3 0 1 1 1 1 1 0 0 0 0 0 0 0 1 1 0 0 2.09 1444 9
3.75 18 1 2 0 0 0 1 1 1 0 0 0 0 0 0 0 1 1 0 0 1.32 1 4
3.25 9 29 0 1 0 1 1 1 1 0 0 0 0 0 0 0 0 0 0 0 1.18 841 0
5.83 8 36 15 0 1 1 0 0 0 0 0 0 0 0 0 0 1 0 1 0 1.76 1296 225
3.5 8 4 0 0 0 0 3 1 0 0 0 0 0 0 1 0 0 0 0 1 1.25 16 0
3.33 12 45 4 0 1 1 0 0 0 0 0 0 0 0 1 0 0 0 0 0 1.2 2025 16
4 14 22 3 0 1 0 0 1 0 0 0 1 0 0 0 0 0 0 1 0 1.39 484 9
3.5 12 20 4 0 1 1 2 0 0 0 0 0 0 0 0 0 1 0 1 0 1.25 400 16
6.25 16 5 0 0 0 1 0 1 0 0 0 0 1 0 0 0 0 1 0 0 1.83 25 0
2.95 8 15 2 1 1 1 1 1 0 0 0 0 1 0 0 0 0 0 0 0 1.08 225 4
5.71 13 10 2 0 1 1 0 1 0 0 0 0 0 0 1 0 0 1 0 0 1.74 100 4
3 9 3 0 0 1 0 0 1 0 0 0 0 0 0 0 1 0 0 0 0 1.1 9 0
22.86 16 16 7 0 0 1 2 1 0 0 0 0 0 0 0 0 0 1 0 0 3.13 256 49
9 12 38 1 0 0 1 0 1 0 0 0 0 0 0 0 0 1 1 0 0 2.2 1444 1
8.33 15 33 26 0 0 1 1 1 0 0 0 0 0 0 0 0 1 1 0 0 2.12 1089 676
3 11 2 0 0 0 0 0 1 0 0 0 0 0 0 1 0 0 0 0 0 1.1 4 0
5.75 14 6 5 0 0 1 0 1 0 0 0 0 0 0 1 0 0 1 0 0 1.75 36 25
6.76 12 19 3 1 0 1 2 1 0 0 0 0 1 0 0 0 0 0 0 0 1.91 361 9
10 12 29 0 0 0 1 2 1 0 0 0 0 0 0 0 0 1 0 1 0 2.3 841 0
3 12 2 0 0 0 0 0 1 0 0 0 1 0 0 0 0 0 0 0 0 1.1 4 0
3.5 18 3 1 0 1 0 0 1 0 0 0 0 0 1 0 0 0 1 0 0 1.25 9 1
3.25 12 4 0 0 0 0 0 1 0 0 0 0 0 0 0 1 0 0 0 0 1.18 16 0
4 12 10 1 1 1 0 0 1 0 0 0 0 0 0 0 0 1 0 1 0 1.39 100 1
2.92 12 4 0 0 1 0 1 0 0 1 0 0 0 0 1 0 0 1 0 0 1.07 16 0
3.06 12 14 10 1 1 0 3 0 0 1 0 0 0 0 1 0 0 0 0 0 1.12 196 100
3.2 12 15 5 0 1 1 1 0 0 1 0 0 0 0 0 0 1 1 0 0 1.16 225 25
4.75 12 19 0 0 0 1 3 0 0 1 0 0 0 0 0 0 0 0 0 0 1.56 361 0
3 14 17 0 0 1 1 4 1 0 1 0 0 0 0 0 1 0 0 1 0 1.1 289 0
18.16 16 29 7 0 0 1 1 1 0 1 0 0 1 0 0 0 0 1 0 0 2.9 841 49
3.5 12 2 0 0 1 0 2 1 0 1 0 0 0 1 0 0 0 0 1 0 1.25 4 0
4.11 14 5 0 0 0 0 0 0 0 1 0 0 0 0 0 0 1 1 0 0 1.41 25 0
1.96 11 38 3 1 1 0 0 0 0 1 0 0 0 0 0 1 0 0 0 0 0.67 1444 9
4.29 12 3 0 0 1 0 0 0 0 1 0 0 0 0 1 0 0 0 0 1 1.46 9 0
3 10 47 0 0 0 0 0 0 0 1 0 0 0 0 0 1 0 0 0 1 1.1 2209 0
6.45 12 7 6 0 0 1 0 0 0 1 0 0 0 0 1 0 0 0 0 0 1.86 49 36
5.2 6 47 13 1 0 1 0 1 0 1 0 1 0 0 0 0 0 0 0 0 1.65 2209 169
4.5 13 23 2 1 1 0 0 1 0 1 0 0 0 0 1 0 0 1 0 0 1.5 529 4
3.88 12 12 3 0 0 1 3 1 0 1 0 0 0 0 1 0 0 0 1 0 1.36 144 9
3.45 10 11 0 0 1 0 2 1 0 1 0 0 0 0 1 0 0 0 0 1 1.24 121 0
10.91 12 25 23 0 0 0 0 1 0 1 0 0 0 1 0 0 0 0 0 0 2.39 625 529
4.1 14 6 0 0 1 1 0 1 0 1 0 0 0 0 0 1 0 0 0 1 1.41 36 0
3 13 3 1 0 0 0 0 1 0 1 0 0 0 0 1 0 0 0 0 0 1.1 9 1
5.9 12 14 7 1 0 1 2 1 0 1 0 0 0 0 0 1 0 0 0 0 1.77 196 49
18 18 13 0 0 1 0 0 1 0 1 0 0 0 0 0 0 1 1 0 0 2.89 169 0
4 12 9 0 0 0 0 0 1 0 1 0 0 0 0 0 0 1 1 0 0 1.39 81 0
3 12 1 0 1 0 0 0 1 0 1 0 0 0 0 0 1 0 0 0 0 1.1 1 0
3.55 12 6 0 0 1 1 1 0 0 0 0 0 0 0 0 0 0 0 0 0 1.27 36 0
3 12 11 1 0 1 1 2 0 0 0 0 0 0 0 0 1 0 0 0 1 1.1 121 1
8.75 12 47 44 0 0 1 0 0 0 0 0 0 0 0 0 0 0 0 0 0 2.17 2209 1936
2.9 8 49 6 0 1 0 1 0 0 0 0 0 1 0 0 0 0 0 0 0 1.06 2401 36
6.26 13 37 17 0 1 1 0 1 0 0 0 0 0 0 0 0 1 1 0 0 1.83 1369 289
3.5 13 2 0 0 1 0 0 1 0 0 0 0 0 0 1 0 0 1 0 0 1.25 4 0
4.6 14 7 0 0 1 1 0 1 0 0 0 0 0 0 1 0 0 0 1 0 1.53 49 0
6 12 22 8 0 0 0 2 1 0 0 0 0 0 0 1 0 0 1 0 0 1.79 484 64
2.89 10 8 0 0 1 0 1 1 0 0 0 0 0 0 0 0 0 0 0 0 1.06 64 0
5.58 16 1 1 0 0 1 0 1 0 0 0 0 0 0 0 0 1 0 1 0 1.72 1 1
4 12 43 6 0 1 1 0 0 0 0 0 0 0 1 0 0 0 0 0 0 1.39 1849 36
6 16 2 2 0 0 0 0 1 0 0 0 0 1 0 0 0 0 0 0 0 1.79 4 4
4.5 12 2 1 0 1 0 2 1 0 0 0 1 0 0 0 0 0 0 0 0 1.5 4 1
2.92 14 1 3 0 0 0 0 1 0 0 0 0 0 0 0 0 1 0 1 0 1.07 1 9
4.33 18 1 0 0 0 0 0 1 0 0 0 0 0 0 1 0 0 1 0 0 1.47 1 0
18.89 17 26 20 0 0 1 2 1 0 0 0 0 0 0 0 0 1 1 0 0 2.94 676 400
4.28 13 1 1 0 1 0 2 1 0 0 0 0 0 0 1 0 0 1 0 0 1.45 1 1
4.57 14 37 7 0 1 1 0 1 0 0 0 0 0 0 0 1 0 0 0 1 1.52 1369 49
6.25 15 12 4 0 1 1 2 1 0 0 0 0 0 0 0 0 1 1 0 0 1.83 144 16
2.95 14 41 23 1 0 1 0 0 1 0 0 0 0 0 0 0 1 1 0 0 1.08 1681 529
8.75 12 24 1 0 0 0 0 1 1 0 0 0 1 0 0 0 0 1 0 0 2.17 576 1
8.5 8 38 26 0 0 0 0 1 1 0 0 0 0 0 0 0 0 0 0 0 2.14 1444 676
3.75 12 18 0 0 1 1 4 1 1 0 0 0 0 0 0 0 1 0 1 0 1.32 324 0
3.15 12 26 1 0 0 1 0 1 1 0 0 0 0 0 1 0 0 1 0 0 1.15 676 1
5 8 45 2 0 0 0 0 0 1 0 0 0 1 0 0 0 0 0 0 0 1.61 2025 4
6.46 12 27 0 0 0 1 3 0 1 0 0 0 0 0 0 0 0 0 0 0 1.87 729 0
2 9 2 0 0 0 0 3 0 1 0 0 0 0 0 1 0 0 0 0 1 0.69 4 0
4.79 12 41 8 0 0 1 0 1 1 0 0 0 0 0 1 0 0 1 0 0 1.57 1681 64
5.78 16 11 4 0 0 1 2 1 1 0 0 0 1 0 0 0 0 1 0 0 1.75 121 16
3.18 12 5 0 0 1 1 0 1 1 0 0 0 0 0 0 0 1 0 0 1 1.16 25 0
4.68 16 3 1 0 1 0 0 1 1 0 0 0 0 0 0 0 1 1 0 0 1.54 9 1
4.1 12 3 2 0 1 0 0 1 1 0 0 0 0 0 0 0 1 0 0 1 1.41 9 4
2.91 12 4 0 0 0 1 0 1 0 1 0 0 0 0 1 0 0 0 0 0 1.07 16 0
6 13 21 13 0 0 1 4 0 0 1 0 0 1 0 0 0 0 0 0 0 1.79 441 169
3.6 10 34 26 0 1 1 0 0 0 1 0 0 1 0 0 0 0 0 0 0 1.28 1156 676
3.95 6 49 6 0 0 1 6 0 0 1 0 0 0 0 0 0 0 0 0 0 1.37 2401 36
7 12 6 5 1 0 1 1 0 0 1 0 1 0 0 0 0 0 0 0 0 1.95 36 25
3 12 26 9 0 1 1 0 0 0 1 0 0 0 0 0 1 0 0 0 1 1.1 676 81
6.08 16 9 0 0 0 0 0 0 0 1 0 0 0 0 0 1 0 1 0 0 1.81 81 0
8.63 12 23 9 0 0 1 1 0 0 1 0 0 1 0 0 0 0 0 0 0 2.16 529 81
3 8 33 2 0 0 1 0 0 0 1 0 0 1 0 0 0 0 0 0 0 1.1 1089 4
3.75 12 5 2 0 1 1 1 0 0 1 0 0 0 0 0 0 1 0 1 0 1.32 25 4
2.9 6 49 7 0 0 1 0 0 0 1 0 0 0 0 0 0 0 0 0 1 1.06 2401 49
3 4 48 0 1 0 1 0 0 0 1 0 0 1 0 0 0 0 0 0 0 1.1 2304 0
6.25 11 35 31 0 0 1 0 1 0 1 0 0 0 0 1 0 0 0 0 0 1.83 1225 961
3.5 11 23 2 1 1 0 2 0 0 1 0 0 1 0 0 0 0 0 0 0 1.25 529 4
3 7 26 1 0 1 0 3 0 0 1 0 0 0 0 1 0 0 0 0 1 1.1 676 1
3.24 12 16 0 0 1 1 2 1 0 1 0 0 0 0 1 0 0 0 1 0 1.18 256 0
8.02 18 23 3 0 1 1 1 1 0 1 0 0 0 0 0 0 1 1 0 0 2.08 529 9
3.33 12 36 8 0 1 1 1 1 0 1 0 0 0 0 0 0 1 0 1 0 1.2 1296 64
5.25 16 4 0 0 0 0 0 1 0 1 0 0 1 0 0 0 0 1 0 0 1.66 16 0
6.25 12 10 0 0 0 1 3 1 0 1 0 1 0 0 0 0 0 0 0 0 1.83 100 0
3.5 14 18 2 0 0 1 1 0 1 0 0 0 0 0 1 0 0 1 0 0 1.25 324 4
2.95 12 3 1 0 0 0 1 0 1 0 0 0 0 0 1 0 0 0 0 0 1.08 9 1
3 10 7 0 0 1 1 2 0 1 0 0 0 0 0 0 0 1 0 0 1 1.1 49 0
4.69 10 7 7 0 0 0 0 0 1 0 0 0 0 0 0 0 0 0 0 0 1.55 49 49
3.73 9 33 2 0 1 0 1 0 1 0 0 0 0 0 0 0 0 0 0 0 1.32 1089 4
4 10 34 12 0 0 1 0 0 1 0 0 0 0 0 0 0 0 0 0 0 1.39 1156 144
4 12 8 0 0 1 1 2 0 1 0 0 0 0 0 1 0 0 1 0 0 1.39 64 0
2.9 12 17 1 0 1 1 2 0 1 0 0 0 1 0 0 0 0 0 0 0 1.06 289 1
3.05 12 2 0 0 1 0 1 0 1 0 0 0 0 0 0 0 1 0 0 1 1.12 4 0
5.05 10 5 0 0 1 0 0 1 1 0 0 0 0 0 0 0 1 0 1 0 1.62 25 0
13.95 16 41 16 0 0 1 0 1 1 0 0 0 1 0 0 0 0 1 0 0 2.64 1681 256
18.16 16 35 28 0 0 1 1 1 1 0 0 0 1 0 0 0 0 1 0 0 2.9 1225 784
6.25 16 11 4 0 0 0 0 1 1 0 0 0 0 0 0 1 0 1 0 0 1.83 121 16
5.25 12 4 0 1 0 0 0 1 1 0 0 0 1 0 0 0 0 0 1 0 1.66 16 0
4.79 12 12 3 0 1 1 3 1 1 0 0 0 0 0 0 0 1 1 0 0 1.57 144 9
3.35 7 35 0 0 1 0 1 1 0 1 0 0 0 0 0 0 0 0 0 0 1.21 1225 0
3 8 33 0 0 0 1 1 1 0 1 0 0 0 1 0 0 0 0 0 0 1.1 1089 0
8.43 16 8 6 0 0 1 0 1 0 1 0 0 1 0 0 0 0 1 0 0 2.13 64 36
5.7 16 2 0 0 0 0 0 1 0 1 0 0 0 0 1 0 0 1 0 0 1.74 4 0
11.98 18 8 10 0 0 1 2 1 0 1 0 0 0 1 0 0 0 1 0 0 2.48 64 100
3.5 13 29 1 0 1 1 0 0 0 1 0 0 0 0 0 0 1 0 1 0 1.25 841 1
4.24 10 14 5 1 0 1 1 0 0 1 0 0 0 0 1 0 0 0 0 0 1.44 196 25
7 16 26 3 0 1 1 1 1 0 1 0 0 0 0 0 0 1 1 0 0 1.95 676 9
6 14 11 3 0 1 1 2 1 0 1 0 0 0 0 0 0 1 0 1 0 1.79 121 9
12.22 16 10 2 0 0 0 0 1 0 1 0 0 0 0 0 0 1 1 0 0 2.5 100 4
4.5 12 13 0 0 0 1 0 1 0 1 0 0 0 0 1 0 0 0 0 0 1.5 169 0
3 9 23 20 0 1 1 2 0 0 1 0 0 1 0 0 0 0 0 0 0 1.1 529 400
2.9 11 1 2 1 0 0 2 0 0 1 0 0 0 0 1 0 0 0 0 1 1.06 1 4
15 11 35 31 0 0 1 0 0 0 1 0 0 1 0 0 0 0 0 0 0 2.71 1225 961
4 12 5 2 0 0 1 0 0 0 1 0 1 0 0 0 0 0 0 0 0 1.39 25 4
5.25 11 13 11 0 0 1 2 0 0 1 0 0 1 0 0 0 0 0 0 0 1.66 169 121
4 12 22 3 0 0 1 3 0 0 1 0 0 1 0 0 0 0 0 0 0 1.39 484 9
3.3 12 21 9 0 1 1 2 0 0 1 0 0 0 0 1 0 0 1 0 0 1.19 441 81
5.05 12 19 0 0 1 1 3 0 0 1 0 0 0 0 0 0 1 0 1 0 1.62 361 0
3.58 12 13 0 0 0 0 0 1 0 1 0 0 0 0 0 1 0 0 0 0 1.28 169 0
5 14 15 5 0 0 1 2 0 0 1 0 0 0 0 1 0 0 1 0 0 1.61 225 25
4.57 14 3 0 0 0 1 0 0 0 1 0 0 0 0 0 0 1 1 0 0 1.52 9 0
12.5 18 6 2 0 0 0 0 1 0 1 0 0 0 0 0 1 0 0 1 0 2.53 36 4
3.45 12 6 5 0 1 1 0 1 0 1 0 0 0 0 1 0 0 0 1 0 1.24 36 25
4.63 12 16 1 0 1 0 0 1 0 1 0 0 0 0 0 0 1 0 1 0 1.53 256 1
10 12 31 2 0 0 1 0 1 0 1 0 0 0 0 1 0 0 1 0 0 2.3 961 4
2.92 11 1 0 0 1 0 1 0 1 0 0 0 0 0 1 0 0 0 0 1 1.07 1 0
4.51 12 5 2 0 0 0 0 1 1 0 0 0 0 0 1 0 0 0 0 0 1.51 25 4
6.5 17 3 0 0 0 1 0 1 1 0 0 0 0 0 0 0 1 1 0 0 1.87 9 0
7.5 16 11 0 0 0 1 0 1 1 0 0 0 0 0 0 1 0 1 0 0 2.01 121 0
3.54 13 6 7 0 1 1 0 0 1 0 0 0 0 0 0 0 1 0 1 0 1.26 36 49
4.2 13 11 3 0 1 1 2 1 1 0 0 0 0 0 1 0 0 0 1 0 1.44 121 9
3.51 12 7 2 0 1 1 0 1 1 0 0 0 0 0 1 0 0 0 1 0 1.26 49 4
4.5 14 5 0 0 0 1 0 1 1 0 0 1 0 0 0 0 0 1 0 0 1.5 25 0
3.35 14 5 4 0 1 1 0 1 1 0 0 0 0 0 1 0 0 1 0 0 1.21 25 16
2.91 11 2 2 0 0 0 2 1 1 0 0 0 0 0 1 0 0 0 0 1 1.07 4 4
5.25 10 44 7 0 0 1 1 1 1 0 0 0 0 0 0 0 0 0 0 0 1.66 1936 49
4.05 8 44 25 0 0 1 0 1 1 0 0 0 1 0 0 0 0 0 0 1 1.4 1936 625
3.75 14 13 0 0 1 1 3 1 1 0 0 0 0 0 1 0 0 0 1 0 1.32 169 0
3.4 12 26 15 0 1 1 1 1 1 0 0 1 0 0 0 0 0 0 1 0 1.22 676 225
3 10 2 1 0 1 0 1 1 0 1 0 0 0 0 1 0 0 0 1 0 1.1 4 1
6.29 17 10 3 0 0 1 1 1 0 1 0 0 0 0 0 1 0 1 0 0 1.84 100 9
2.54 9 2 0 0 1 0 1 1 0 1 0 0 0 0 1 0 0 0 0 1 0.93 4 0
4.5 12 35 0 0 1 1 1 1 0 1 0 0 0 0 1 0 0 0 1 0 1.5 1225 0
3.13 12 6 5 0 1 1 1 1 0 1 0 0 0 0 0 0 1 0 1 0 1.14 36 25
6.36 14 8 1 0 0 1 0 1 0 1 0 0 0 0 1 0 0 1 0 0 1.85 64 1
4.68 16 1 0 0 0 0 0 1 0 1 0 0 1 0 0 0 0 1 0 0 1.54 1 0
6.8 12 14 10 0 0 1 2 0 0 1 0 0 1 0 0 0 0 0 0 0 1.92 196 100
8.53 10 14 6 0 0 1 0 0 0 1 0 0 0 0 0 0 0 0 0 0 2.14 196 36
4.17 0 22 10 0 1 0 0 0 0 1 0 0 0 0 0 1 0 0 0 0 1.43 484 100
3.75 14 8 4 0 1 1 0 0 0 1 0 0 0 1 0 0 0 1 0 0 1.32 64 16
11.1 15 1 4 0 1 0 2 0 0 1 0 0 0 0 0 0 1 0 1 0 2.41 1 16
3.26 16 15 5 1 1 1 2 1 0 1 0 0 0 0 1 0 0 1 0 0 1.18 225 25
9.13 12 14 12 0 0 1 3 1 0 1 0 0 1 0 0 0 0 1 0 0 2.21 196 144
4.5 11 37 10 0 0 1 2 1 0 1 0 0 1 0 0 0 0 0 0 0 1.5 1369 100
3 11 1 1 0 1 0 1 1 0 1 0 0 0 0 0 0 1 0 0 1 1.1 1 1
8.75 12 4 4 0 0 1 0 1 0 1 0 0 0 0 0 0 1 0 1 0 2.17 16 16
4.14 13 29 0 0 1 1 0 1 0 1 0 0 0 0 1 0 0 0 1 0 1.42 841 0
2.87 12 45 8 0 1 1 0 0 1 0 0 0 0 0 1 0 0 1 0 0 1.05 2025 64
3.35 13 22 0 0 1 0 2 0 1 0 0 0 0 0 1 0 0 0 1 0 1.21 484 0
6.08 16 42 10 0 0 0 0 0 1 0 0 0 0 0 1 0 0 1 0 0 1.81 1764 100
3 15 9 0 1 0 0 0 0 1 0 0 0 0 0 0 1 0 0 0 0 1.1 81 0
4.2 16 8 0 0 1 1 1 1 1 0 0 0 0 0 0 0 1 0 1 0 1.44 64 0
5.6 15 31 15 0 1 0 2 1 1 0 0 0 0 0 0 0 1 0 0 1 1.72 961 225
10 12 24 24 0 0 1 0 1 1 0 0 0 1 0 0 0 0 0 0 0 2.3 576 576
12.5 18 16 5 0 0 1 1 1 1 0 0 0 0 0 0 0 1 1 0 0 2.53 256 25
3.76 6 6 0 0 0 0 4 0 0 1 0 0 0 0 0 0 0 0 0 0 1.32 36 0
3.1 6 14 0 1 1 0 5 1 0 1 0 0 0 0 1 0 0 0 1 0 1.13 196 0
4.29 12 47 25 0 1 1 2 1 0 1 0 0 1 0 0 0 0 0 1 0 1.46 2209 625
10.92 12 34 5 0 0 1 0 0 0 1 0 0 0 0 0 0 1 1 0 0 2.39 1156 25
7.5 16 6 2 0 1 1 1 1 0 1 0 0 0 0 0 0 1 1 0 0 2.01 36 4
4.05 9 7 4 0 1 1 1 1 0 1 0 0 0 0 0 0 0 0 0 0 1.4 49 16
4.65 12 27 2 0 0 1 3 1 0 1 0 0 0 0 0 0 0 0 0 1 1.54 729 4
5 11 24 5 0 0 1 0 1 0 1 0 0 0 0 1 0 0 0 0 0 1.61 576 25
2.9 10 18 0 0 1 1 2 0 0 1 0 0 0 0 1 0 0 0 1 0 1.06 324 0
8 12 12 3 1 1 0 1 0 0 1 0 0 0 0 0 0 0 0 0 0 2.08 144 9
8.43 8 27 3 0 0 1 3 1 0 1 0 0 1 0 0 0 0 0 0 0 2.13 729 9
2.92 9 49 0 0 1 0 0 1 0 1 0 0 0 0 0 1 0 0 0 0 1.07 2401 0
6.25 17 4 0 0 1 0 0 1 0 0 1 0 0 0 1 0 0 1 0 0 1.83 16 0
6.25 16 24 2 0 1 1 2 1 0 0 1 0 0 0 0 0 1 1 0 0 1.83 576 4
5.11 11 3 0 0 0 0 0 1 0 0 1 1 0 0 0 0 0 0 0 0 1.63 9 0
4 10 2 0 0 1 0 1 1 0 0 1 0 0 0 0 1 0 0 0 0 1.39 4 0
4.44 8 29 11 0 0 1 3 0 0 1 0 0 0 0 1 0 0 1 0 0 1.49 841 121
6.88 13 34 21 0 0 1 0 0 0 1 0 0 0 0 0 1 0 1 0 0 1.93 1156 441
5.43 14 10 3 1 0 1 1 1 0 1 0 0 0 0 1 0 0 1 0 0 1.69 100 9
3 13 5 0 0 1 0 1 1 0 1 0 0 0 0 0 0 1 0 0 1 1.1 25 0
2.9 11 2 0 0 1 0 2 1 0 1 0 0 0 0 1 0 0 1 0 0 1.06 4 0
6.25 7 39 21 1 0 1 0 1 0 1 0 0 0 0 1 0 0 0 0 0 1.83 1521 441
4.34 16 5 2 1 1 0 0 1 0 1 0 0 0 0 0 0 1 0 1 0 1.47 25 4
3.25 12 14 2 0 1 1 2 0 0 1 0 0 0 1 0 0 0 0 1 0 1.18 196 4
7.26 13 8 2 0 0 0 0 1 0 1 0 0 0 0 1 0 0 1 0 0 1.98 64 4
6.35 14 10 1 0 1 1 2 1 0 1 0 0 0 0 0 0 0 0 0 0 1.85 100 1
5.63 16 2 2 0 0 1 0 1 0 0 0 0 0 0 1 0 0 0 0 1 1.73 4 4
8.75 14 9 3 0 0 1 1 1 0 0 0 0 1 0 0 0 0 1 0 0 2.17 81 9
3.2 11 1 0 0 0 0 0 0 0 0 0 0 0 0 1 0 0 0 0 1 1.16 1 0
3 8 45 1 0 1 1 0 0 0 0 0 0 0 0 0 0 0 0 0 0 1.1 2025 1
3 14 33 3 0 1 1 0 1 0 0 0 0 0 0 0 0 1 0 0 1 1.1 1089 9
12.5 17 21 18 0 0 1 3 1 0 0 0 0 0 0 0 0 0 1 0 0 2.53 441 324
2.88 10 2 0 0 1 0 3 1 0 0 0 0 0 0 1 0 0 0 1 0 1.06 4 0
3.35 12 9 1 0 0 1 0 1 1 0 0 0 0 0 1 0 0 0 0 0 1.21 81 1
6.5 12 33 2 0 0 1 0 0 1 0 0 0 0 0 0 0 0 0 0 0 1.87 1089 4
10.38 18 16 2 1 0 1 1 1 1 0 0 0 0 0 0 0 1 1 0 0 2.34 256 4
4.5 14 10 0 0 0 1 0 1 1 0 0 0 0 0 0 0 1 0 0 0 1.5 100 0
10 18 9 8 0 0 0 0 0 1 0 0 0 0 1 0 0 0 1 0 0 2.3 81 64
3.81 12 8 1 0 1 1 2 0 1 0 0 0 0 0 0 1 0 0 0 1 1.34 64 1
8.8 16 9 1 0 0 1 0 0 0 1 0 0 0 0 0 0 1 1 0 0 2.17 81 1
9.42 14 23 0 0 1 1 2 0 0 1 0 0 0 0 0 1 0 0 0 0 2.24 529 0
6.33 12 23 8 0 0 1 2 0 0 1 0 0 0 0 0 0 0 1 0 0 1.85 529 64
4 9 22 18 1 0 0 0 0 0 1 0 0 0 0 0 0 0 0 0 0 1.39 484 324
2.9 12 37 0 0 1 1 0 0 0 1 0 0 0 0 1 0 0 1 0 0 1.06 1369 0
20 12 22 4 0 0 1 1 0 0 1 0 0 0 0 1 0 0 1 0 0 3 484 16
11.25 17 28 25 0 0 1 1 1 0 1 0 0 1 0 0 0 0 0 0 0 2.42 784 625
3.5 12 14 0 1 1 0 2 1 0 1 0 1 0 0 0 0 0 0 0 0 1.25 196 0
6 15 19 4 0 1 1 2 1 0 1 0 0 0 0 0 0 1 0 0 1 1.79 361 16
14.38 17 10 9 1 0 1 1 0 0 1 0 0 1 0 0 0 0 1 0 0 2.67 100 81
6.36 16 25 0 0 0 1 1 1 0 1 0 0 1 0 0 0 0 1 0 0 1.85 625 0
3.55 12 21 0 0 1 1 1 0 0 1 0 0 1 0 0 0 0 0 0 0 1.27 441 0
3 15 32 0 0 0 1 0 1 0 1 0 0 0 0 0 1 0 0 0 1 1.1 1024 0
4.5 16 21 10 0 0 1 1 1 0 1 0 0 0 0 1 0 0 1 0 0 1.5 441 100
6.63 12 36 0 0 1 0 0 1 0 1 0 0 0 0 1 0 0 0 1 0 1.89 1296 0
9.3 15 2 2 0 0 1 0 1 0 1 0 0 0 0 1 0 0 0 0 0 2.23 4 4
3 12 11 0 0 1 1 2 1 0 1 0 0 0 0 1 0 0 1 0 0 1.1 121 0
3.25 12 40 2 0 1 0 0 0 1 0 0 0 0 0 1 0 0 0 0 1 1.18 1600 4
1.5 12 11 1 0 1 1 2 0 1 0 0 0 0 0 0 0 1 0 0 1 0.41 121 1
5.9 12 9 7 0 1 1 1 1 1 0 0 0 0 0 0 0 0 0 0 0 1.77 81 49
8 16 23 4 0 0 0 0 1 1 0 0 0 0 0 1 0 0 1 0 0 2.08 529 16
2.9 11 1 0 0 1 0 1 1 1 0 0 0 0 0 1 0 0 1 0 0 1.06 1 0
3.29 14 30 13 0 0 0 0 1 1 0 0 0 0 0 1 0 0 1 0 0 1.19 900 169
6.5 14 41 33 0 0 1 0 1 1 0 0 0 0 0 1 0 0 1 0 0 1.87 1681 1089
4 13 6 0 0 1 0 1 1 1 0 0 1 0 0 0 0 0 0 1 0 1.39 36 0
6 14 11 0 0 0 1 0 0 1 0 0 0 0 0 1 0 0 0 0 0 1.79 121 0
4.08 12 43 17 0 1 1 0 1 1 0 0 0 0 0 0 0 1 0 1 0 1.41 1849 289
3.75 12 39 2 0 1 1 0 1 1 0 0 0 0 0 0 1 0 1 0 0 1.32 1521 4
3.05 8 50 24 0 1 0 0 0 0 1 0 0 1 0 0 0 0 0 0 0 1.12 2500 576
3.5 12 26 20 0 1 1 0 0 0 1 0 0 1 0 0 0 0 0 0 0 1.25 676 400
2.92 3 51 30 1 0 0 0 1 0 1 0 0 0 0 0 1 0 0 0 1 1.07 2601 900
4.5 11 3 9 0 0 0 0 1 0 1 0 1 0 0 0 0 0 0 0 0 1.5 9 81
3.35 15 3 1 0 1 1 2 1 0 1 0 0 0 0 0 1 0 0 1 0 1.21 9 1
5.95 11 15 9 1 0 1 1 0 0 1 0 1 0 0 0 0 0 0 0 0 1.78 225 81
8 12 17 6 0 0 1 2 0 0 1 0 0 0 0 1 0 0 1 0 0 2.08 289 36
3 4 36 0 0 0 1 1 0 0 1 0 1 0 0 0 0 0 0 0 0 1.1 1296 0
5 9 31 9 1 0 1 6 0 0 1 0 0 0 0 0 0 0 0 0 0 1.61 961 81
5.5 12 9 4 0 0 1 1 0 0 1 0 0 0 0 1 0 0 0 0 0 1.7 81 16
2.65 12 42 10 0 1 1 0 1 0 0 1 0 0 0 0 1 0 0 1 0 0.97 1764 100
3 11 3 0 0 1 0 2 1 0 0 1 0 0 0 1 0 0 0 0 0 1.1 9 0
4.5 12 37 14 0 1 1 0 0 0 0 1 0 0 0 0 0 1 0 1 0 1.5 1369 196
17.5 16 23 22 0 0 1 3 1 0 0 1 0 0 0 1 0 0 1 0 0 2.86 529 484
8.18 13 21 5 0 0 0 0 1 0 0 1 0 0 0 1 0 0 1 0 0 2.1 441 25
9.09 15 11 12 0 0 1 1 1 0 0 1 0 0 1 0 0 0 1 0 0 2.21 121 144
11.82 16 35 13 0 0 1 0 1 0 0 1 0 0 1 0 0 0 1 0 0 2.47 1225 169
3.25 12 42 0 0 1 1 0 1 0 0 1 0 0 0 1 0 0 1 0 0 1.18 1764 0
4.5 12 3 0 0 0 0 0 1 0 0 1 0 0 0 0 0 0 0 0 0 1.5 9 0
4.5 12 13 0 0 0 1 0 1 0 0 1 0 0 0 0 0 0 0 0 0 1.5 169 0
3.71 9 14 7 0 0 1 2 0 0 1 0 0 1 0 0 0 0 0 0 0 1.31 196 49
6.5 10 14 11 0 0 1 3 0 0 1 0 0 0 0 1 0 0 0 0 0 1.87 196 121
2.9 12 39 1 0 1 1 0 0 0 1 0 0 0 0 0 0 1 0 0 1 1.06 1521 1
5.6 11 11 8 0 0 1 2 0 0 1 0 0 0 0 0 0 0 0 1 0 1.72 121 64
2.23 8 28 3 0 0 1 4 0 0 1 0 0 0 0 0 0 1 1 0 0 0.8 784 9
5 6 18 0 0 1 1 3 1 0 0 1 0 0 0 1 0 0 0 0 1 1.61 324 0
8.33 16 6 2 0 0 1 0 1 0 0 1 0 0 1 0 0 0 0 1 0 2.12 36 4
2.9 12 26 1 0 1 0 4 1 0 1 0 0 0 0 1 0 0 0 1 0 1.06 676 1
6.25 12 21 6 0 0 1 3 1 0 1 0 0 0 0 1 0 0 1 0 0 1.83 441 36
4.55 16 34 2 0 0 1 0 0 0 1 0 0 0 0 0 0 1 1 0 0 1.52 1156 4
3.28 12 17 2 0 1 0 0 0 0 1 0 0 0 0 0 0 1 0 0 1 1.19 289 4
2.3 10 2 0 0 1 0 4 1 1 0 0 0 0 0 1 0 0 0 0 1 0.83 4 0
3.3 13 5 0 0 1 0 0 1 1 0 0 0 0 0 0 0 1 1 0 0 1.19 25 0
3.15 13 1 0 0 1 0 4 1 1 0 0 0 0 1 0 0 0 0 1 0 1.15 1 0
12.5 14 40 30 0 0 1 0 1 1 0 0 0 0 0 0 0 0 1 0 0 2.53 1600 900
5.15 16 39 21 0 1 0 0 1 0 0 1 0 0 0 0 0 1 0 1 0 1.64 1521 441
3.13 10 1 1 0 0 0 2 1 0 0 1 0 0 0 1 0 0 0 0 1 1.14 1 1
7.25 12 14 5 0 0 1 3 1 0 0 1 0 0 1 0 0 0 0 0 0 1.98 196 25
2.9 12 2 2 0 1 0 0 1 0 0 1 0 0 0 0 0 1 0 1 0 1.06 4 4
1.75 11 2 1 0 0 0 2 1 0 0 1 0 0 0 1 0 0 0 0 1 0.56 4 1
2.89 0 42 0 0 1 1 2 0 0 0 1 0 0 0 0 1 0 0 0 0 1.06 1764 0
2.9 5 34 0 0 1 1 5 0 0 0 1 0 1 0 0 0 0 0 0 0 1.06 1156 0
17.71 16 10 3 0 0 1 1 1 0 0 1 1 0 0 0 0 0 1 0 0 2.87 100 9
6.25 16 4 3 0 0 1 0 0 0 0 1 0 0 1 0 0 0 0 0 1 1.83 16 9
2.6 9 4 0 0 0 0 1 0 0 0 1 0 0 0 1 0 0 0 0 0 0.96 16 0
6.63 15 21 3 0 1 1 2 0 0 0 1 0 0 0 0 0 1 1 0 0 1.89 441 9
3.5 12 31 3 1 1 0 1 1 0 0 1 0 0 0 0 1 0 0 0 0 1.25 961 9
6.5 12 20 14 0 0 1 3 1 0 0 1 0 0 0 1 0 0 0 0 0 1.87 400 196
3 12 36 1 1 1 0 0 1 0 0 1 0 0 0 0 1 0 0 0 0 1.1 1296 1
4.38 13 7 0 1 0 1 1 1 0 0 1 0 1 0 0 0 0 0 0 0 1.48 49 0
10 12 15 0 0 0 0 1 0 0 0 0 0 0 0 0 1 0 1 0 0 2.3 225 0
4.95 7 25 17 0 0 1 5 0 0 0 0 1 0 0 0 0 0 0 0 0 1.6 625 289
9 17 7 0 0 1 1 2 0 0 0 0 0 0 0 0 0 1 1 0 0 2.2 49 0
1.43 12 17 0 0 1 1 2 0 0 0 0 0 0 0 1 0 0 0 0 0 0.36 289 0
3.08 12 3 1 0 0 0 0 0 0 0 0 0 0 0 0 0 1 1 0 0 1.12 9 1
9.33 14 12 11 0 0 1 3 0 0 0 0 0 0 0 0 0 1 1 0 0 2.23 144 121
7.5 12 18 5 0 0 1 2 0 0 0 1 0 0 0 1 0 0 0 0 0 2.01 324 25
4.75 13 47 1 0 0 1 0 0 0 0 1 0 0 0 1 0 0 0 0 0 1.56 2209 1
5.65 12 2 0 0 0 0 0 0 0 0 1 1 0 0 0 0 0 0 0 0 1.73 4 0
15 16 14 2 0 1 1 2 0 0 0 1 0 0 0 0 0 1 1 0 0 2.71 196 4
2.27 10 2 0 0 1 0 3 0 0 0 1 0 0 0 1 0 0 1 0 0 0.82 4 0
4.67 15 13 18 0 0 1 3 0 0 0 1 1 0 0 0 0 0 1 0 0 1.54 169 324
11.56 16 5 1 0 0 1 0 0 0 0 1 0 1 0 0 0 0 0 0 0 2.45 25 1
3.5 14 5 4 1 1 0 2 0 0 0 1 0 0 0 0 0 1 0 1 0 1.25 25 16
